new debug session
model_output: tf.Tensor(
[[[ 0.0929413  -0.07793134 -0.16857494 ...  0.06205127 -0.03952146
   -0.14833213]
  [ 0.04434942 -0.12987599 -0.18493828 ... -0.0204125  -0.19290403
   -0.13558033]
  [ 0.0439423  -0.10724162  0.04405145 ...  0.20079291 -0.14961922
   -0.13407312]
  ...
  [-0.0272359  -0.02851143 -0.1579951  ... -0.14086601 -0.18600026
   -0.12639377]
  [ 0.03333387 -0.1026523  -0.10932536 ... -0.11228458 -0.33157036
   -0.12471547]
  [ 0.03839846 -0.04343033 -0.15341082 ... -0.18816608 -0.3103415
   -0.09552428]]], shape=(1, 49, 50258), dtype=float32)
true_output: tf.Tensor(
[[  329   262   711 17529 17726   764 50257 50257 50257 50257 50257 50257
  50257 50257 50257 50257 50257 50257 50257 50257 50257 50257 50257 50257
  50257 50257 50257 50257 50257 50257 50257 50257 50257 50257 50257 50257
  50257 50257 50257 50257 50257 50257 50257 50257 50257 50257 50257 50257
  50257]], shape=(1, 49), dtype=int64)
model_output: tf.Tensor(
[[[ 2.59728312e-01  3.29293199e-02 -2.58451521e-01 ... -1.06662184e-01
    2.61336863e-02 -6.41039610e-02]
  [ 1.56241730e-02  7.54670147e-03 -2.79576600e-01 ...  1.54626798e-02
   -1.23164296e-01 -6.89504668e-02]
  [ 1.30243331e-01  3.67586613e-02 -6.34375885e-02 ...  2.04185322e-01
   -1.00906022e-01  4.80943471e-02]
  ...
  [ 2.48379856e-02  5.29697165e-02 -1.82120949e-01 ... -2.90688813e-01
   -2.65451401e-01 -1.25018016e-01]
  [ 6.17142022e-02 -1.87415630e-02 -1.40633211e-01 ... -2.75373936e-01
   -9.25529227e-02 -1.47494823e-01]
  [ 1.37406737e-01 -1.05731189e-04 -1.53818101e-01 ... -2.10238665e-01
   -2.10458755e-01 -1.61817387e-01]]], shape=(1, 49, 50258), dtype=float32)
true_output: tf.Tensor(
[[  329   262   711 17529 17726   764 50257 50257 50257 50257 50257 50257
  50257 50257 50257 50257 50257 50257 50257 50257 50257 50257 50257 50257
  50257 50257 50257 50257 50257 50257 50257 50257 50257 50257 50257 50257
  50257 50257 50257 50257 50257 50257 50257 50257 50257 50257 50257 50257
  50257]], shape=(1, 49), dtype=int64)
model_output: tf.Tensor(
[[[ 0.17225319 -0.00838712 -0.13593306 ... -0.05822152  0.0325282
   -0.11864235]
  [ 0.07947094 -0.07451641 -0.21845083 ... -0.0800079  -0.09896228
   -0.0540466 ]
  [ 0.16722716  0.01497141  0.03698207 ...  0.11935597 -0.14765152
   -0.10120195]
  ...
  [-0.04374098  0.04651037 -0.20277986 ... -0.29321718 -0.12415551
   -0.08626217]
  [ 0.05130911  0.07077005 -0.2277309  ... -0.38508126 -0.1931452
   -0.1368033 ]
  [ 0.02055075  0.00977594 -0.12049855 ... -0.19260691 -0.17773744
   -0.0969578 ]]], shape=(1, 49, 50258), dtype=float32)
true_output: tf.Tensor(
[[  329   262   711 17529 17726   764 50257 50257 50257 50257 50257 50257
  50257 50257 50257 50257 50257 50257 50257 50257 50257 50257 50257 50257
  50257 50257 50257 50257 50257 50257 50257 50257 50257 50257 50257 50257
  50257 50257 50257 50257 50257 50257 50257 50257 50257 50257 50257 50257
  50257]], shape=(1, 49), dtype=int64)
model_output: tf.Tensor(
[[[ 0.10015648  0.0778541  -0.07344197 ... -0.16889745 -0.1382764
   -0.12304185]
  [ 0.12929939  0.02001905 -0.13964738 ... -0.07405165 -0.18213871
   -0.06974579]
  [ 0.13007145  0.15377547  0.02342299 ...  0.02227149 -0.08989225
    0.03259551]
  ...
  [ 0.04875184  0.02958964 -0.21707034 ... -0.26792568 -0.24181998
    0.00861314]
  [ 0.13296236 -0.0595188  -0.18780707 ... -0.32231146 -0.22040091
   -0.12970084]
  [-0.06043688  0.06153634 -0.13287663 ... -0.22397558 -0.08313833
   -0.15514879]]], shape=(1, 49, 50258), dtype=float32)
true_output: tf.Tensor(
[[  329   262   711 17529 17726   764 50257 50257 50257 50257 50257 50257
  50257 50257 50257 50257 50257 50257 50257 50257 50257 50257 50257 50257
  50257 50257 50257 50257 50257 50257 50257 50257 50257 50257 50257 50257
  50257 50257 50257 50257 50257 50257 50257 50257 50257 50257 50257 50257
  50257]], shape=(1, 49), dtype=int64)
model_output: tf.Tensor(
[[[ 0.18297282  0.1171579  -0.27282065 ...  0.07401048 -0.1211262
   -0.10265685]
  [-0.00193261  0.02440963 -0.24478243 ... -0.07378645 -0.29334733
   -0.09769424]
  [ 0.08276074  0.03490863 -0.0583033  ...  0.1443464  -0.18579
   -0.13111031]
  ...
  [-0.00464325 -0.03533224 -0.14170843 ... -0.14431755 -0.2594775
   -0.10191807]
  [ 0.0415212   0.06043566 -0.15046376 ... -0.25633085 -0.22423868
   -0.071601  ]
  [ 0.07585826  0.06278526 -0.12801285 ... -0.27952203 -0.12948132
   -0.08643612]]], shape=(1, 49, 50258), dtype=float32)
true_output: tf.Tensor(
[[  329   262   711 17529 17726   764 50257 50257 50257 50257 50257 50257
  50257 50257 50257 50257 50257 50257 50257 50257 50257 50257 50257 50257
  50257 50257 50257 50257 50257 50257 50257 50257 50257 50257 50257 50257
  50257 50257 50257 50257 50257 50257 50257 50257 50257 50257 50257 50257
  50257]], shape=(1, 49), dtype=int64)
model_output: tf.Tensor(
[[[ 0.20428337  0.06545428 -0.20101176 ...  0.06492295 -0.08800526
   -0.08967916]
  [ 0.04997335  0.01121635 -0.17387639 ... -0.03129885 -0.16512413
   -0.08852472]
  [ 0.19803955  0.08378165 -0.06200849 ...  0.19427387 -0.07572812
   -0.15976161]
  ...
  [ 0.12119237  0.01345503 -0.26714978 ... -0.15906392 -0.17995037
   -0.01476002]
  [ 0.04454963  0.04959504 -0.21220501 ... -0.26433924 -0.26063672
   -0.20704722]
  [ 0.00312478  0.02591793 -0.20836315 ... -0.25542688 -0.23180665
   -0.11057903]]], shape=(1, 49, 50258), dtype=float32)
true_output: tf.Tensor(
[[  329   262   711 17529 17726   764 50257 50257 50257 50257 50257 50257
  50257 50257 50257 50257 50257 50257 50257 50257 50257 50257 50257 50257
  50257 50257 50257 50257 50257 50257 50257 50257 50257 50257 50257 50257
  50257 50257 50257 50257 50257 50257 50257 50257 50257 50257 50257 50257
  50257]], shape=(1, 49), dtype=int64)
model_output: tf.Tensor(
[[[ 0.17816     0.09446134 -0.17765355 ... -0.01027428 -0.11510306
   -0.20544189]
  [ 0.05268216  0.17491421 -0.23061296 ... -0.06987871 -0.22183298
   -0.07170959]
  [ 0.28262773  0.23143715  0.02324737 ...  0.11757538 -0.26882482
   -0.21524337]
  ...
  [ 0.06005339  0.03312035 -0.2122432  ... -0.36068147 -0.2867688
   -0.17958498]
  [ 0.09079973  0.0619491  -0.15928052 ... -0.31549838 -0.13432372
   -0.15603344]
  [ 0.10146824 -0.05171106 -0.11956141 ... -0.27193558 -0.30434498
   -0.06251695]]], shape=(1, 49, 50258), dtype=float32)
true_output: tf.Tensor(
[[  329   262   711 17529 17726   764 50257 50257 50257 50257 50257 50257
  50257 50257 50257 50257 50257 50257 50257 50257 50257 50257 50257 50257
  50257 50257 50257 50257 50257 50257 50257 50257 50257 50257 50257 50257
  50257 50257 50257 50257 50257 50257 50257 50257 50257 50257 50257 50257
  50257]], shape=(1, 49), dtype=int64)
model_output: tf.Tensor(
[[[ 0.14241898  0.00437016 -0.12247563 ... -0.07821076 -0.11711989
    0.035084  ]
  [ 0.17491546  0.04862    -0.10138603 ... -0.14400394 -0.20051491
   -0.09858091]
  [ 0.09444761 -0.04003303  0.02977851 ... -0.08919407 -0.19176868
   -0.21106917]
  ...
  [ 0.07970565  0.07780308 -0.26826432 ... -0.31087038 -0.2218515
   -0.11093655]
  [ 0.09743145  0.1205436  -0.25705793 ... -0.30452818 -0.22870383
    0.0247648 ]
  [ 0.14246362  0.06404088 -0.21556926 ... -0.27518967 -0.2369543
   -0.09381098]]], shape=(1, 49, 50258), dtype=float32)
true_output: tf.Tensor(
[[  329   262   711 17529 17726   764 50257 50257 50257 50257 50257 50257
  50257 50257 50257 50257 50257 50257 50257 50257 50257 50257 50257 50257
  50257 50257 50257 50257 50257 50257 50257 50257 50257 50257 50257 50257
  50257 50257 50257 50257 50257 50257 50257 50257 50257 50257 50257 50257
  50257]], shape=(1, 49), dtype=int64)
model_output: tf.Tensor(
[[[ 0.10122202  0.04839507 -0.11280683 ... -0.08219013 -0.18699867
   -0.20496246]
  [ 0.18656842  0.00379534 -0.09167137 ... -0.03634152 -0.36850673
   -0.26694965]
  [ 0.21932362  0.12902215 -0.06610852 ...  0.05888497 -0.14009842
   -0.14476678]
  ...
  [ 0.06540667 -0.01201101 -0.18598169 ... -0.24612957 -0.26431608
   -0.13640052]
  [ 0.1203201   0.01861761 -0.19392747 ... -0.26697963 -0.3173563
   -0.19109409]
  [ 0.0873339  -0.00177681 -0.1572801  ... -0.23479664 -0.29319158
   -0.07511907]]], shape=(1, 49, 50258), dtype=float32)
true_output: tf.Tensor(
[[  329   262   711 17529 17726   764 50257 50257 50257 50257 50257 50257
  50257 50257 50257 50257 50257 50257 50257 50257 50257 50257 50257 50257
  50257 50257 50257 50257 50257 50257 50257 50257 50257 50257 50257 50257
  50257 50257 50257 50257 50257 50257 50257 50257 50257 50257 50257 50257
  50257]], shape=(1, 49), dtype=int64)
model_output: tf.Tensor(
[[[ 0.17211886  0.01986942 -0.27748162 ... -0.0206613  -0.18677545
   -0.07416377]
  [-0.01555969 -0.01572533 -0.19271956 ... -0.03704704 -0.19183008
   -0.1282511 ]
  [ 0.05531197 -0.01644226 -0.04579313 ...  0.18483496 -0.18082869
   -0.09363078]
  ...
  [ 0.05164442 -0.00522479 -0.23661742 ... -0.08739126 -0.30940315
   -0.18637347]
  [ 0.17142029  0.06507777 -0.2955646  ... -0.29931116 -0.33139703
   -0.14604917]
  [-0.04112613 -0.01355018 -0.16432622 ... -0.18651958 -0.18583597
   -0.10812134]]], shape=(1, 49, 50258), dtype=float32)
true_output: tf.Tensor(
[[  329   262   711 17529 17726   764 50257 50257 50257 50257 50257 50257
  50257 50257 50257 50257 50257 50257 50257 50257 50257 50257 50257 50257
  50257 50257 50257 50257 50257 50257 50257 50257 50257 50257 50257 50257
  50257 50257 50257 50257 50257 50257 50257 50257 50257 50257 50257 50257
  50257]], shape=(1, 49), dtype=int64)
model_output: tf.Tensor(
[[[ 0.16499695  0.16488194 -0.15645978 ... -0.13015957 -0.07729255
   -0.09511631]
  [ 0.21319628  0.13861065 -0.04404104 ... -0.14101426 -0.16612047
   -0.14109313]
  [ 0.11402815 -0.03425458  0.12398687 ... -0.03828073 -0.13148218
   -0.13468675]
  ...
  [ 0.10809542 -0.03212578 -0.2969197  ... -0.2826202  -0.16634585
   -0.07037347]
  [ 0.15797737  0.07913727 -0.1983616  ... -0.26711997 -0.26195738
   -0.08101892]
  [ 0.0996953   0.0128475  -0.12142219 ... -0.36514768 -0.21961112
   -0.19077645]]], shape=(1, 49, 50258), dtype=float32)
true_output: tf.Tensor(
[[  329   262   711 17529 17726   764 50257 50257 50257 50257 50257 50257
  50257 50257 50257 50257 50257 50257 50257 50257 50257 50257 50257 50257
  50257 50257 50257 50257 50257 50257 50257 50257 50257 50257 50257 50257
  50257 50257 50257 50257 50257 50257 50257 50257 50257 50257 50257 50257
  50257]], shape=(1, 49), dtype=int64)
model_output: tf.Tensor(
[[[ 0.23033535  0.07203023 -0.19661078 ... -0.01051179 -0.15788493
   -0.04745952]
  [ 0.0157297   0.04941461 -0.11291219 ...  0.03353095 -0.09932187
    0.01383125]
  [ 0.17505881  0.15296978 -0.0783973  ...  0.05452428 -0.13821721
   -0.03348535]
  ...
  [-0.01227783 -0.12666908 -0.24852198 ... -0.21467796 -0.3072131
   -0.02180571]
  [-0.08668443  0.01444079 -0.19360091 ... -0.24795617 -0.23911767
   -0.04391933]
  [ 0.00070859  0.03997154 -0.04923713 ... -0.24651659 -0.20789532
    0.01416672]]], shape=(1, 49, 50258), dtype=float32)
true_output: tf.Tensor(
[[  329   262   711 17529 17726   764 50257 50257 50257 50257 50257 50257
  50257 50257 50257 50257 50257 50257 50257 50257 50257 50257 50257 50257
  50257 50257 50257 50257 50257 50257 50257 50257 50257 50257 50257 50257
  50257 50257 50257 50257 50257 50257 50257 50257 50257 50257 50257 50257
  50257]], shape=(1, 49), dtype=int64)
model_output: tf.Tensor(
[[[ 0.22197676 -0.08529012 -0.1298492  ... -0.00497622 -0.0812887
   -0.18247274]
  [ 0.11402007  0.01156451 -0.20483653 ... -0.08053223 -0.1609421
   -0.03565571]
  [ 0.14640146  0.0040315  -0.01403128 ...  0.019537   -0.10308283
   -0.0852234 ]
  ...
  [-0.083218   -0.08272979 -0.23141675 ... -0.31360787 -0.25780573
   -0.1566352 ]
  [ 0.12138253 -0.00036999 -0.16864863 ... -0.2903902  -0.29549265
   -0.2199434 ]
  [-0.0664809  -0.02751314 -0.1459463  ... -0.34980005 -0.29364717
   -0.13058853]]], shape=(1, 49, 50258), dtype=float32)
true_output: tf.Tensor(
[[  329   262   711 17529 17726   764 50257 50257 50257 50257 50257 50257
  50257 50257 50257 50257 50257 50257 50257 50257 50257 50257 50257 50257
  50257 50257 50257 50257 50257 50257 50257 50257 50257 50257 50257 50257
  50257 50257 50257 50257 50257 50257 50257 50257 50257 50257 50257 50257
  50257]], shape=(1, 49), dtype=int64)
model_output: tf.Tensor(
[[[ 0.20104688 -0.0515854  -0.2798444  ...  0.02873894 -0.1656453
   -0.18412167]
  [ 0.07073046 -0.11230084 -0.20662147 ... -0.10473527 -0.27255434
   -0.21552071]
  [ 0.22055197 -0.04898414 -0.16338421 ... -0.01084224 -0.17335916
   -0.23625527]
  ...
  [ 0.04869788 -0.00215868 -0.23545735 ... -0.24321479 -0.13463435
   -0.12332461]
  [ 0.11834095 -0.03392566 -0.23773365 ... -0.2440908  -0.19991662
   -0.09455962]
  [ 0.09102502 -0.05474471 -0.1239432  ... -0.1507004  -0.16075735
   -0.01874312]]], shape=(1, 49, 50258), dtype=float32)
true_output: tf.Tensor(
[[  329   262   711 17529 17726   764 50257 50257 50257 50257 50257 50257
  50257 50257 50257 50257 50257 50257 50257 50257 50257 50257 50257 50257
  50257 50257 50257 50257 50257 50257 50257 50257 50257 50257 50257 50257
  50257 50257 50257 50257 50257 50257 50257 50257 50257 50257 50257 50257
  50257]], shape=(1, 49), dtype=int64)
model_output: tf.Tensor(
[[[ 0.14415075  0.03247525 -0.0790679  ...  0.02563995 -0.11711039
   -0.13416703]
  [ 0.09305077 -0.13361636 -0.20943142 ... -0.15382053 -0.25846773
   -0.18499318]
  [ 0.19566658  0.04450977  0.03999537 ...  0.02339664 -0.16881958
   -0.13179418]
  ...
  [ 0.00665968 -0.06236006 -0.24524558 ... -0.33590272 -0.32284832
   -0.12119287]
  [ 0.00706519 -0.0409154  -0.13474004 ... -0.3093664  -0.20972699
   -0.17384787]
  [ 0.07450288  0.06574206 -0.10185096 ... -0.3481446  -0.20930782
   -0.15231772]]], shape=(1, 49, 50258), dtype=float32)
true_output: tf.Tensor(
[[  329   262   711 17529 17726   764 50257 50257 50257 50257 50257 50257
  50257 50257 50257 50257 50257 50257 50257 50257 50257 50257 50257 50257
  50257 50257 50257 50257 50257 50257 50257 50257 50257 50257 50257 50257
  50257 50257 50257 50257 50257 50257 50257 50257 50257 50257 50257 50257
  50257]], shape=(1, 49), dtype=int64)
model_output: tf.Tensor(
[[[ 1.5681933e-01  7.7951835e-03 -1.8126762e-01 ... -5.6600571e-02
   -1.8964791e-01 -9.3652099e-02]
  [ 9.6173488e-02 -7.8909546e-02 -1.6257314e-01 ... -3.8156740e-02
   -2.0204411e-01 -9.6335918e-02]
  [ 1.5624404e-01 -2.2404792e-04  3.7089769e-02 ...  1.3900065e-01
   -3.1458232e-01 -2.0718165e-01]
  ...
  [ 4.6317335e-02 -7.9616100e-02 -8.5889086e-02 ... -2.1412197e-01
   -2.2555538e-01 -1.6865821e-01]
  [-7.2871812e-02 -2.1954847e-02 -2.5126025e-01 ... -2.3977278e-01
   -1.4097498e-01 -1.3291903e-01]
  [-1.6263088e-02 -5.9380420e-02 -1.6344596e-01 ... -2.2833945e-01
   -3.0041260e-01 -1.2882645e-01]]], shape=(1, 49, 50258), dtype=float32)
true_output: tf.Tensor(
[[  329   262   711 17529 17726   764 50257 50257 50257 50257 50257 50257
  50257 50257 50257 50257 50257 50257 50257 50257 50257 50257 50257 50257
  50257 50257 50257 50257 50257 50257 50257 50257 50257 50257 50257 50257
  50257 50257 50257 50257 50257 50257 50257 50257 50257 50257 50257 50257
  50257]], shape=(1, 49), dtype=int64)
model_output: tf.Tensor(
[[[ 0.16123517 -0.035476   -0.14723007 ... -0.06054288 -0.11003923
   -0.06890719]
  [ 0.03606519  0.00579168 -0.1838487  ...  0.01793376 -0.1609022
   -0.19235256]
  [ 0.16600478 -0.02719858 -0.0882239  ...  0.06386267 -0.16100322
   -0.07907814]
  ...
  [ 0.10446835  0.02162427 -0.2747989  ... -0.25820377 -0.2915077
   -0.15580417]
  [ 0.14141433 -0.00195554 -0.16631089 ... -0.2806964  -0.19989808
   -0.12519377]
  [ 0.02429156 -0.07808755 -0.20042786 ... -0.25328413 -0.32799914
   -0.03593247]]], shape=(1, 49, 50258), dtype=float32)
true_output: tf.Tensor(
[[  329   262   711 17529 17726   764 50257 50257 50257 50257 50257 50257
  50257 50257 50257 50257 50257 50257 50257 50257 50257 50257 50257 50257
  50257 50257 50257 50257 50257 50257 50257 50257 50257 50257 50257 50257
  50257 50257 50257 50257 50257 50257 50257 50257 50257 50257 50257 50257
  50257]], shape=(1, 49), dtype=int64)
model_output: tf.Tensor(
[[[ 0.12997904 -0.071617   -0.23211458 ... -0.02014843 -0.16133901
   -0.05333933]
  [-0.01757003  0.01565202 -0.27755046 ... -0.16696891 -0.3017084
   -0.00093428]
  [ 0.16511242 -0.02040705 -0.10280854 ...  0.00824935 -0.22915782
   -0.06098487]
  ...
  [ 0.00718772 -0.10362584 -0.21217567 ... -0.25638244 -0.24763702
   -0.12348641]
  [-0.00178435 -0.1263005  -0.12369949 ... -0.299713   -0.19215524
   -0.07266549]
  [ 0.06140266 -0.08238509 -0.18373358 ... -0.23077129 -0.25695655
   -0.17644624]]], shape=(1, 49, 50258), dtype=float32)
true_output: tf.Tensor(
[[  329   262   711 17529 17726   764 50257 50257 50257 50257 50257 50257
  50257 50257 50257 50257 50257 50257 50257 50257 50257 50257 50257 50257
  50257 50257 50257 50257 50257 50257 50257 50257 50257 50257 50257 50257
  50257 50257 50257 50257 50257 50257 50257 50257 50257 50257 50257 50257
  50257]], shape=(1, 49), dtype=int64)
model_output: tf.Tensor(
[[[ 0.04252794  0.00730032 -0.14249747 ... -0.00581432 -0.28542602
    0.02337826]
  [-0.04564524  0.05466506 -0.23461075 ... -0.1298029  -0.21109137
   -0.14660285]
  [ 0.13757843  0.0754156   0.04999547 ...  0.07884874 -0.3095672
   -0.27349338]
  ...
  [ 0.15381745 -0.0290523  -0.2132576  ... -0.2847713  -0.18682183
   -0.13178454]
  [-0.04955541  0.11011543 -0.21842311 ... -0.29092637 -0.25234386
   -0.18364751]
  [-0.05068488 -0.05786029 -0.12323761 ... -0.30098093 -0.3124151
   -0.09630169]]], shape=(1, 49, 50258), dtype=float32)
true_output: tf.Tensor(
[[  329   262   711 17529 17726   764 50257 50257 50257 50257 50257 50257
  50257 50257 50257 50257 50257 50257 50257 50257 50257 50257 50257 50257
  50257 50257 50257 50257 50257 50257 50257 50257 50257 50257 50257 50257
  50257 50257 50257 50257 50257 50257 50257 50257 50257 50257 50257 50257
  50257]], shape=(1, 49), dtype=int64)
model_output: tf.Tensor(
[[[ 0.20349155 -0.08620814 -0.18949524 ... -0.02363158 -0.13828516
   -0.06203045]
  [ 0.13375877 -0.06838489 -0.09519114 ... -0.01221127 -0.18000251
   -0.17989667]
  [ 0.21886693 -0.09801985 -0.05612681 ...  0.08123995 -0.16182378
   -0.21108563]
  ...
  [ 0.11024526 -0.03458287 -0.22357368 ... -0.21322061 -0.28462976
   -0.16964181]
  [ 0.12038365 -0.11946014 -0.08840483 ... -0.34051943 -0.29315582
   -0.13565907]
  [ 0.13688052  0.03253513 -0.15543008 ... -0.2967639  -0.2802685
   -0.23733234]]], shape=(1, 49, 50258), dtype=float32)
true_output: tf.Tensor(
[[  329   262   711 17529 17726   764 50257 50257 50257 50257 50257 50257
  50257 50257 50257 50257 50257 50257 50257 50257 50257 50257 50257 50257
  50257 50257 50257 50257 50257 50257 50257 50257 50257 50257 50257 50257
  50257 50257 50257 50257 50257 50257 50257 50257 50257 50257 50257 50257
  50257]], shape=(1, 49), dtype=int64)
model_output: tf.Tensor(
[[[ 1.05597228e-01 -1.99951790e-02 -1.99270174e-01 ... -5.89216687e-02
   -1.56016961e-01 -1.68681905e-01]
  [ 1.40174419e-01 -3.75073440e-02 -7.96722174e-02 ... -8.89421850e-02
   -1.75841302e-01 -1.71688363e-01]
  [ 1.41207665e-01  2.14721120e-04 -3.77244689e-02 ... -3.16253640e-02
   -1.66277334e-01 -1.53109327e-01]
  ...
  [ 1.23014838e-01 -6.30384013e-02 -4.47721817e-02 ... -2.12638676e-01
   -1.96554765e-01 -8.24052617e-02]
  [-1.40446126e-02 -1.57715157e-01 -3.02941985e-02 ... -2.28385597e-01
   -1.85333148e-01 -1.25745714e-01]
  [ 1.22229084e-01 -9.35477167e-02 -1.85598239e-01 ... -3.40157807e-01
   -2.08169773e-01 -1.19055353e-01]]], shape=(1, 49, 50258), dtype=float32)
true_output: tf.Tensor(
[[  329   262   711 17529 17726   764 50257 50257 50257 50257 50257 50257
  50257 50257 50257 50257 50257 50257 50257 50257 50257 50257 50257 50257
  50257 50257 50257 50257 50257 50257 50257 50257 50257 50257 50257 50257
  50257 50257 50257 50257 50257 50257 50257 50257 50257 50257 50257 50257
  50257]], shape=(1, 49), dtype=int64)
model_output: tf.Tensor(
[[[ 0.1639345  -0.09328742 -0.1275116  ... -0.10343327 -0.10716517
   -0.10609368]
  [ 0.23410313 -0.02534974 -0.08666884 ... -0.19699079 -0.14368874
   -0.14591244]
  [ 0.17006154 -0.02918353 -0.11035629 ...  0.00619649 -0.29417995
   -0.04112237]
  ...
  [ 0.07016034  0.09065991 -0.15280929 ... -0.27924633 -0.25504142
   -0.17495786]
  [-0.01269998  0.01709029 -0.2899486  ... -0.3851163  -0.16131772
   -0.12182183]
  [ 0.04996015 -0.07702276 -0.15853253 ... -0.22502674 -0.1660928
   -0.07254311]]], shape=(1, 49, 50258), dtype=float32)
true_output: tf.Tensor(
[[  329   262   711 17529 17726   764 50257 50257 50257 50257 50257 50257
  50257 50257 50257 50257 50257 50257 50257 50257 50257 50257 50257 50257
  50257 50257 50257 50257 50257 50257 50257 50257 50257 50257 50257 50257
  50257 50257 50257 50257 50257 50257 50257 50257 50257 50257 50257 50257
  50257]], shape=(1, 49), dtype=int64)
model_output: tf.Tensor(
[[[ 0.126832    0.01803711 -0.180803   ... -0.05837157 -0.10669026
   -0.04464902]
  [ 0.03885443  0.0017315  -0.08785151 ... -0.06693068 -0.23205778
   -0.15470083]
  [ 0.10238822  0.03004256 -0.01137559 ... -0.0116498  -0.07263005
   -0.15542538]
  ...
  [ 0.16086783 -0.04439905 -0.21880107 ... -0.28706324 -0.29056177
   -0.10280496]
  [ 0.12981284  0.05002029 -0.19037627 ... -0.21357928 -0.21508656
   -0.13870898]
  [ 0.1675521   0.12990052 -0.22535169 ... -0.38358757 -0.18911578
   -0.06422103]]], shape=(1, 49, 50258), dtype=float32)
true_output: tf.Tensor(
[[  329   262   711 17529 17726   764 50257 50257 50257 50257 50257 50257
  50257 50257 50257 50257 50257 50257 50257 50257 50257 50257 50257 50257
  50257 50257 50257 50257 50257 50257 50257 50257 50257 50257 50257 50257
  50257 50257 50257 50257 50257 50257 50257 50257 50257 50257 50257 50257
  50257]], shape=(1, 49), dtype=int64)
model_output: tf.Tensor(
[[[ 0.21549733 -0.00519004 -0.19207543 ... -0.0600625  -0.11336714
   -0.06426586]
  [ 0.02983195 -0.06143318 -0.15558122 ... -0.16936065 -0.2483013
   -0.18137318]
  [ 0.08872379 -0.11118838 -0.11869385 ...  0.09320749 -0.16245852
   -0.13464208]
  ...
  [-0.0044474  -0.03772099 -0.23492377 ... -0.20276584 -0.16066039
   -0.1566143 ]
  [ 0.02203511 -0.10329083 -0.28240493 ... -0.3555904  -0.23422284
   -0.17970888]
  [ 0.02029994 -0.05761045 -0.15509185 ... -0.27983543 -0.21133088
   -0.13532542]]], shape=(1, 49, 50258), dtype=float32)
true_output: tf.Tensor(
[[  329   262   711 17529 17726   764 50257 50257 50257 50257 50257 50257
  50257 50257 50257 50257 50257 50257 50257 50257 50257 50257 50257 50257
  50257 50257 50257 50257 50257 50257 50257 50257 50257 50257 50257 50257
  50257 50257 50257 50257 50257 50257 50257 50257 50257 50257 50257 50257
  50257]], shape=(1, 49), dtype=int64)
model_output: tf.Tensor(
[[[ 1.8447055e-01 -1.2523304e-01 -1.2194141e-01 ...  2.5607131e-02
   -7.3045127e-02 -1.3068427e-01]
  [ 1.9863311e-02 -5.2734390e-02 -2.7502647e-01 ... -6.1618730e-02
   -2.2970833e-01 -1.5418983e-01]
  [ 1.4155173e-01 -5.0214831e-02 -3.7225667e-02 ...  1.0937169e-01
   -2.9861132e-02 -4.1259453e-02]
  ...
  [ 3.3243049e-02 -1.2899946e-01 -2.5692049e-01 ... -1.5111847e-01
   -2.4762924e-01  1.4693043e-02]
  [ 4.7097776e-02 -1.1273548e-01 -2.0322545e-01 ... -2.9731303e-01
   -2.1127991e-01 -4.5677125e-02]
  [-6.4533320e-05 -4.4308186e-02 -2.0195743e-01 ... -2.9555333e-01
   -3.0621594e-01 -8.5417069e-02]]], shape=(1, 49, 50258), dtype=float32)
true_output: tf.Tensor(
[[  329   262   711 17529 17726   764 50257 50257 50257 50257 50257 50257
  50257 50257 50257 50257 50257 50257 50257 50257 50257 50257 50257 50257
  50257 50257 50257 50257 50257 50257 50257 50257 50257 50257 50257 50257
  50257 50257 50257 50257 50257 50257 50257 50257 50257 50257 50257 50257
  50257]], shape=(1, 49), dtype=int64)
